1.018237	38.85588	13.8001
3.165747	38.85587	13.80011
5.464963	38.85587	13.80012
7.920377	38.85587	13.80013
10.5366	38.85587	13.80015
13.31838	38.85587	13.80016
16.27059	38.85587	13.80017
19.39821	38.85587	13.80019
22.70639	38.85587	13.8002
26.2004	38.85587	13.80022
29.88564	38.85587	13.80023
33.76767	38.85586	13.80025
37.85219	38.85586	13.80026
42.14504	38.85586	13.80028
46.65221	38.85586	13.80029
51.37986	38.85586	13.80031
56.33429	38.85585	13.80033
61.52196	38.85585	13.80035
66.94949	38.85585	13.80036
72.62369	38.85584	13.80037
78.5515	38.85584	13.80039
84.74004	38.85583	13.8004
91.19663	38.85583	13.80042
97.92873	38.85583	13.80044
104.944	38.85583	13.80046
112.2502	38.85582	13.80048
119.8554	38.85582	13.8005
127.7678	38.85581	13.80052
135.9958	38.85581	13.80054
144.5479	38.8558	13.80056
153.4328	38.8558	13.80058
162.6596	38.85579	13.80059
172.2374	38.85578	13.80061
182.1754	38.85577	13.80063
192.4831	38.85577	13.80065
203.1704	38.85576	13.80066
214.2472	38.85575	13.80068
225.7234	38.85574	13.80069
237.6095	38.85573	13.8007
249.9158	38.85572	13.80071
262.6532	38.85571	13.80072
275.8325	38.8557	13.80073
289.4648	38.85569	13.80074
303.5613	38.85567	13.80074
318.1335	38.85566	13.80075
333.1931	38.85564	13.80074
348.752	38.85563	13.80074
364.822	38.85561	13.80074
381.4154	38.85559	13.80073
398.5447	38.85558	13.80071
416.2223	38.85556	13.8007
434.4611	38.85553	13.80068
453.2738	38.85551	13.80066
472.6735	38.85549	13.80063
492.6735	38.85546	13.8006
513.287	38.85544	13.80056
534.5276	38.85542	13.80052
556.4089	38.85539	13.80048
578.9446	38.85536	13.80043
602.1486	38.85533	13.80039
626.0349	38.8553	13.80033
650.6176	38.85527	13.80028
675.9107	38.85524	13.80022
701.9286	38.85521	13.80017
728.6856	38.85518	13.80011
756.196	38.85515	13.80005
784.4743	38.85512	13.79998
813.5349	38.85509	13.79992
843.3922	38.85506	13.79985
874.0607	38.85503	13.79978
905.5548	38.855	13.79971
937.8891	38.85497	13.79963
971.0779	38.85493	13.79955
1005.135	38.8549	13.79947
1040.076	38.85487	13.79938
1075.914	38.85484	13.7993
1112.664	38.8548	13.79922
1150.338	38.85477	13.79913
1188.952	38.8545	13.79825
1228.519	38.85434	13.79768
1269.052	38.85425	13.79737
1310.564	38.85406	13.79674
1353.069	38.85393	13.79622
1396.58	38.85323	13.79392
1441.109	38.8525	13.79143
1486.668	38.85153	13.78822
1533.269	38.85098	13.78626
1580.925	38.85086	13.78568
1629.647	38.85077	13.78507
1679.445	38.85072	13.78435
1730.33	38.85102	13.78481
1782.314	38.85137	13.78529
1835.405	38.85134	13.78506
1889.613	38.85106	13.78397
1944.947	38.85056	13.78215
2001.417	38.84978	13.77951
2059.029	38.8484	13.77513
2117.792	38.84727	13.77158
2177.714	38.84605	13.76777
2238.8	38.84425	13.76209
2301.058	38.84235	13.75594
2364.492	38.84014	13.74884
2429.108	38.83713	13.73951
2494.91	38.83276	13.72588
2561.903	38.82726	13.70859
2630.09	38.82115	13.68924
2699.474	38.81551	13.67118
2770.057	38.81023	13.65407
2841.841	38.80585	13.63966
2914.827	38.80247	13.62826
2989.016	38.80028	13.62016
3064.407	38.7994	13.61567
3141.001	38.79936	13.61385
3218.796	38.79953	13.61279
3297.79	38.79982	13.61224
3377.981	38.8001	13.61218
3459.366	38.8003	13.61233
3541.942	38.8004	13.6118
3625.704	38.80057	13.61131
3710.647	38.80072	13.61142
3796.768	38.80072	13.61144
3884.06	38.80088	13.61181
3972.516	38.80105	13.61182
